-433.370000,-253.910000,-303.220000,-249.730000,-239.200000,-375.280000,-218.570000,-240.580000,-241.570000,-164.570000,-169.050000,-193.530000,-133.580000,-212.260000,-122.430000,-123.570000,-91.300000,-105.300000,-129.920000,-100.170000,-95.820000,-106.390000,-53.680000,-116.020000,-77.860000,-42.500000,-50.340000
-285.330000,-246.720000,-202.760000,-157.910000,-148.270000,-146.390000,-93.880000,-80.310000,-98.150000,-69.800000,-102.270000,-63.890000,-56.780000,-64.130000,-133.810000,-30.710000,-31.960000,-52.350000,-59.470000,-26.570000,-29.690000,-55.690000,-22.340000,-13.010000,-35.220000,-27.190000,-5.660000
-279.170000,-172.780000,-152.050000,-141.100000,-134.520000,-49.450000,-205.030000,-72.590000,-36.280000,-54.700000,-34.500000,-19.230000,-54.730000,-21.180000,-18.770000,-42.830000,-15.560000,-8.830000,-5.480000,-15.180000,-15.200000,-21.270000,-4.240000,-8.830000,-9.660000,-12.970000,-8.010000
-164.710000,-156.590000,-95.860000,-67.770000,-76.770000,-58.320000,-42.690000,-42.610000,-42.450000,-22.730000,-51.150000,-36.630000,-16.530000,-19.200000,-15.320000,-19.280000,-7.580000,-2.590000,-19.750000,-5.200000,-8.600000,-32.660000,-9.570000,-28.710000,-7.970000,-6.690000,-6.110000
-148.500000,-100.300000,-106.070000,-65.580000,-46.340000,-28.250000,-35.280000,-50.430000,-21.530000,-22.700000,-17.050000,-23.280000,-7.130000,-17.230000,-12.540000,-15.470000,-16.810000,-15.600000,-9.580000,-4.600000,-5.350000,-3.930000,-7.370000,-3.070000,-5.270000,-3.650000,-8.290000
-128.130000,-90.500000,-66.560000,-44.260000,-38.510000,-48.990000,-30.670000,-15.220000,-17.560000,-31.370000,-27.930000,-24.770000,-15.110000,-21.210000,-23.020000,-21.520000,-20.030000,-16.980000,-11.540000,-17.080000,-6.740000,-3.460000,-16.820000,-17.210000,-16.780000,-27.390000,-11.410000
-122.230000,-140.090000,-58.080000,-28.870000,-34.560000,-22.060000,-21.520000,-29.020000,-15.780000,-23.200000,-3.030000,-16.030000,-9.130000,-13.970000,-14.700000,-7.290000,-13.410000,-16.540000,-7.560000,-10.890000,-1.680000,-11.890000,-0.150000,-1.630000,0.440000,-1.440000,-1.220000
-96.140000,-70.370000,-58.690000,-56.180000,-50.150000,-60.600000,-66.690000,-50.800000,-41.770000,-30.490000,-46.880000,-48.410000,-36.190000,-54.150000,-45.810000,-54.140000,-50.420000,-46.460000,-56.840000,-51.990000,-34.010000,-46.550000,-35.700000,-36.460000,-54.890000,-42.410000,-44.390000
-78.770000,-56.470000,-40.400000,-30.600000,-27.100000,-17.130000,-31.840000,-15.130000,-25.350000,-17.040000,-13.420000,-22.180000,-26.700000,-16.300000,-17.120000,-18.560000,-14.810000,-35.430000,-15.220000,-22.120000,-20.790000,-16.910000,-11.460000,-22.740000,-27.370000,-11.230000,-20.750000
-58.280000,-44.570000,-27.190000,-15.030000,-20.680000,-20.800000,-8.300000,-11.190000,-9.450000,-14.130000,-5.140000,-2.420000,-3.220000,-7.090000,-7.590000,-5.310000,-1.040000,-3.960000,-5.380000,-3.230000,-7.070000,-7.920000,-1.380000,-3.470000,1.090000,-0.200000,-1.650000
-50.610000,-38.670000,-13.190000,-24.600000,-11.270000,-8.080000,-9.830000,-6.310000,-11.720000,-7.180000,-5.270000,-3.940000,-5.170000,-3.530000,-4.670000,-7.070000,-1.350000,-0.220000,0.150000,-0.050000,-4.400000,-1.330000,-3.940000,0.700000,-0.680000,0.610000,-1.650000
-126.780000,-106.170000,-100.050000,-111.820000,-110.110000,-89.430000,-91.850000,-81.460000,-91.470000,-89.430000,-109.980000,-115.940000,-93.350000,-95.650000,-101.770000,-83.350000,-112.330000,-89.570000,-103.800000,-103.460000,-108.140000,-105.890000,-104.070000,-101.610000,-112.210000,-87.480000,-93.920000
-110.080000,-102.340000,-108.200000,-89.900000,-110.430000,-106.130000,-96.170000,-92.130000,-98.050000,-89.610000,-83.610000,-104.280000,-108.440000,-91.690000,-104.200000,-104.180000,-73.640000,-103.920000,-91.860000,-96.400000,-94.340000,-100.060000,-91.620000,-89.620000,-100.200000,-81.550000,-85.580000
-77.610000,-77.860000,-71.870000,-78.000000,-68.140000,-76.310000,-84.220000,-79.760000,-77.850000,-88.330000,-57.750000,-70.080000,-88.060000,-68.240000,-59.950000,-71.660000,-76.060000,-63.860000,-80.420000,-71.740000,-86.130000,-77.960000,-62.400000,-74.150000,-98.530000,-80.330000,-63.730000
-68.170000,-81.800000,-50.010000,-57.930000,-66.200000,-79.970000,-81.950000,-44.130000,-70.510000,-63.620000,-65.800000,-78.360000,-62.140000,-71.790000,-51.490000,-70.010000,-72.200000,-62.140000,-59.850000,-64.240000,-66.020000,-86.430000,-72.110000,-68.330000,-66.100000,-64.430000,-72.140000
-70.140000,-41.970000,-50.100000,-54.400000,-50.060000,-56.740000,-54.280000,-42.330000,-44.150000,-64.670000,-42.600000,-60.710000,-44.420000,-55.990000,-40.200000,-58.340000,-60.080000,-50.990000,-47.730000,-58.590000,-57.920000,-44.400000,-60.600000,-48.340000,-62.440000,-42.230000,-50.010000
-50.130000,-38.130000,-27.090000,-22.620000,-50.860000,-25.550000,-32.970000,-36.790000,-18.900000,-34.880000,-24.800000,-18.570000,-32.790000,-30.980000,-21.020000,-18.480000,-36.960000,-32.610000,-33.170000,-20.910000,-23.540000,-26.540000,-29.300000,-22.720000,-26.320000,-28.870000,-41.200000
-32.850000,-20.610000,-18.930000,-27.540000,-27.160000,-21.970000,-23.270000,-18.930000,-24.560000,-22.610000,-25.130000,-34.790000,-22.370000,-20.770000,-24.540000,-21.100000,-27.420000,-19.390000,-26.960000,-22.590000,-32.970000,-26.900000,-29.460000,-22.380000,-24.660000,-26.780000,-32.680000
-33.550000,-17.020000,-15.650000,-18.640000,-18.490000,-19.290000,-19.460000,-25.820000,-12.410000,-16.440000,-12.080000,-17.360000,-11.240000,-7.500000,-11.530000,-15.190000,-4.710000,-17.330000,-10.950000,-15.270000,-4.750000,-19.490000,-23.760000,-23.150000,-10.800000,-9.210000,-15.750000
